0.09943757407509111 6928236.169352656
0.11006295058219923 8620010.275832633
0.12182369897431078 10154805.477435138
0.139482360883707 13343752.67267095
0.15970069174960175 16602102.22991579
0.17478271011694108 19558111.100395635
0.1978732184671943 24333916.24365475
0.21901691054177663 30275903.26661077
0.24241990641708466 35666536.174329296
0.2683236234220299 42016972.754621476
0.300364429093866 52276903.969637446
0.3517498535510239 68693593.2563035
0.4407710931860674 95333137.0777056
0.5220324371528581 118612097.09800728
0.6395562549676709 155860246.77475232
0.7660587796517859 193919043.1664669
0.89711376399295 216303232.46162394
1.0745604783241456 216303232.46162394
1.2726683624211557 199287976.31587154
1.3617864289131478 173851286.80067196
1.457144950507019 147575439.2359891
1.5416917575754754 112307228.36745635
1.6128478009494147 76622935.15953086
1.668361899677258 49498106.31550082
1.7453643426841243 0.000049161307482251086
