#Solar 8B neutrino spectra
#From Fig. 1 of 1604.03858
#Columns: E_nu [MeV], flux [cm^-2 s^-1 MeV^-1]
0.11071181832350796 1411.7919175298189
0.1343581910261167 2039.9635714023798
0.16570673461401667 2970.9464793853276
0.20109919104143775 4292.8582571406005
0.24602736280072257 6195.062555073243
0.3009930717931425 8824.44781869165
0.3721647564117342 12595.833053497116
0.4505081735948093 17858.285642676186
0.5511575521298954 26041.42558819566
0.6742933093663152 37288.036921463085
0.8397081531228884 52144.31135811439
1.0092413272508396 77251.1391841915
1.2547984134105112 108409.45211119945
1.5105712046709499 151523.35905322136
1.8480524356327475 210284.28849128977
2.260931357811822 283588.0935916531
2.7884533844059183 376034.6131096292
3.439057205403211 494735.722480562
4.2414603479396265 611453.8153973911
5.10602165166681 708914.3884351683
6.348360589636072 762191.6514300479
7.8295643564925905 710979.0716010565
9.501841080660286 512399.29110900563
11.34676550693265 245938.22537346723
12.601147219161104 96309.96017072538
13.333081998879319 36263.149576496
13.770263288913016 13652.75729521907
14.221779410186153 4816.024636090271
14.68810039055982 1524.0977865955088
14.926963787086192 583.8273544906593
15.169711669739618 211.36888858861255
15.41640720949019 76.524004433061
15.792453703298436 27.022857193925756
16.249975599018153 3.3913249098459493
16.48368336477142 0.00008001338524171253
