0.09832219412208228 24333916.24365475
0.11910606151658847 35666536.174329296
0.139482360883707 46867016.651246585
0.16519757742193453 61584821.106601916
0.18914339578491496 78744353.50950474
0.21901691054177663 100685089.25107682
0.2507639811713861 128739226.95007858
0.2903699185657397 160175466.32162797
0.3362312610208919 204805556.25463867
0.3849688565111579 241271241.90265036
0.45082814668839327 300186156.1336006
0.5103869616230778 344107269.3496711
0.5909980364453523 383827773.99526423
0.692104166248096 416599083.1887076
0.8290005278968517 428133239.8719361
0.9332411416892695 383827773.99526423
1.0271527365902118 300186156.1336006
1.1241563016317826 183611206.60146317
1.1628496760950011 118612097.09800728
1.189382362989495 52276903.969637446
1.2028748735664414 0.00006822618301008129
